/*

FIR filter designed with
http://t-filter.appspot.com

sampling frequency: 85 Hz

* 0 Hz - 4 Hz
  gain = 1
  desired ripple = 1 dB
  actual ripple = 0.748856042117125 dB

* 6 Hz - 42.5 Hz
  gain = 0
  desired attenuation = -80 dB
  actual attenuation = -80.03671033379968 dB

*/

#define FILTER_TAP_NUM 121

static double filter_taps[FILTER_TAP_NUM] = {
  -0.00011143449720753395,
  -0.0001718457108491601,
  -0.00028296010906563094,
  -0.00041764787572198657,
  -0.0005642956334151736,
  -0.0007044242185297378,
  -0.000812479197682374,
  -0.0008582326499438157,
  -0.0008093271482846089,
  -0.0006355315349418904,
  -0.0003140763007112048,
  0.00016551346278853725,
  0.0007964772106897446,
  0.0015512263996053605,
  0.0023802158790769182,
  0.003213284416060298,
  0.003964172236168132,
  0.004538191369775238,
  0.00484260516060423,
  0.004798781430827223,
  0.0043545508576673065,
  0.003495500944259208,
  0.002253427342291603,
  0.0007100693454095143,
  -0.0010049130886654856,
  -0.002722366446525894,
  -0.004248395094781942,
  -0.005384519278261288,
  -0.005951485957583291,
  -0.005814044702447768,
  -0.0049037392531592,
  -0.003236615078462715,
  -0.0009228388155357331,
  0.0018339775612543434,
  0.004749032977940899,
  0.0074801755831073406,
  0.009661809660752935,
  0.01094600120262842,
  0.011046681109615259,
  0.009782123001594225,
  0.007110549870274531,
  0.0031538953157422655,
  -0.0017942226903229135,
  -0.00727877229026651,
  -0.012712439022239574,
  -0.017422116757019435,
  -0.02070919964835284,
  -0.021918251287466595,
  -0.020507326628754628,
  -0.01611259023040551,
  -0.008599961780490996,
  0.001902442095055125,
  0.014995557495064017,
  0.030026521073501868,
  0.04613125356271323,
  0.0622993263274992,
  0.07745548396054705,
  0.09055028121997914,
  0.10065113075775163,
  0.10702477612336309,
  0.10920297294486478,
  0.10702477612336309,
  0.10065113075775163,
  0.09055028121997914,
  0.07745548396054705,
  0.0622993263274992,
  0.04613125356271323,
  0.030026521073501868,
  0.014995557495064017,
  0.001902442095055125,
  -0.008599961780490996,
  -0.01611259023040551,
  -0.020507326628754628,
  -0.021918251287466595,
  -0.02070919964835284,
  -0.017422116757019435,
  -0.012712439022239574,
  -0.00727877229026651,
  -0.0017942226903229135,
  0.0031538953157422655,
  0.007110549870274531,
  0.009782123001594225,
  0.011046681109615259,
  0.01094600120262842,
  0.009661809660752935,
  0.0074801755831073406,
  0.004749032977940899,
  0.0018339775612543434,
  -0.0009228388155357331,
  -0.003236615078462715,
  -0.0049037392531592,
  -0.005814044702447768,
  -0.005951485957583291,
  -0.005384519278261288,
  -0.004248395094781942,
  -0.002722366446525894,
  -0.0010049130886654856,
  0.0007100693454095143,
  0.002253427342291603,
  0.003495500944259208,
  0.0043545508576673065,
  0.004798781430827223,
  0.00484260516060423,
  0.004538191369775238,
  0.003964172236168132,
  0.003213284416060298,
  0.0023802158790769182,
  0.0015512263996053605,
  0.0007964772106897446,
  0.00016551346278853725,
  -0.0003140763007112048,
  -0.0006355315349418904,
  -0.0008093271482846089,
  -0.0008582326499438157,
  -0.000812479197682374,
  -0.0007044242185297378,
  -0.0005642956334151736,
  -0.00041764787572198657,
  -0.00028296010906563094,
  -0.0001718457108491601,
  -0.00011143449720753395
};